                                                      [38;2;168;168;168m**[0m
                                                     [38;2;168;168;168m*[38;2;255;255;255m@@[38;2;168;168;168m*[0m
                                                    [38;2;192;192;192m#[38;2;255;255;255m@[38;2;240;240;240m@@[38;2;255;255;255m@[38;2;192;192;192m#[0m
                                                   [38;2;192;192;192m#[38;2;255;255;255m@[38;2;240;240;240m@[38;2;255;255;255m@@[38;2;240;240;240m@[38;2;255;255;255m@[38;2;192;192;192m#[0m
                                                 [38;2;24;24;24m.[38;2;216;216;216m%[38;2;255;255;255m@[38;2;240;240;240m@[38;2;255;255;255m@@@@[38;2;240;240;240m@[38;2;255;255;255m@[38;2;216;216;216m%[38;2;24;24;24m.[0m
                                                [38;2;48;48;48m.[38;2;216;216;216m%[38;2;255;255;255m@[38;2;240;240;240m@[38;2;255;255;255m@@@@@@[38;2;240;240;240m@[38;2;255;255;255m@[38;2;216;216;216m%[38;2;48;48;48m.[0m                                     [38;2;255;0;0m01010101010[0m
                                               [38;2;72;72;72m:[38;2;240;240;240m@[38;2;255;255;255m@[38;2;240;240;240m@[38;2;255;255;255m@@@@@@@@[38;2;240;240;240m@[38;2;255;255;255m@[38;2;240;240;240m@[38;2;72;72;72m:[0m                      [38;2;255;0;0m101010101010101[38;2;255;24;0m01010[38;2;255;48;0m101[38;2;255;72;0m01[0m
                                              [38;2;72;72;72m-[38;2;240;240;240m@[38;2;255;255;255m@[38;2;240;240;240m@[38;2;255;255;255m@@@@@@@@@@[38;2;255;240;240m@[38;2;255;255;255m@[38;2;240;240;240m@[38;2;72;72;72m-[0m       [38;2;255;0;24m01[38;2;255;0;0m0101010[38;2;255;24;0m1010[38;2;255;48;0m1010[38;2;255;72;0m101[38;2;255;96;0m010[38;2;255;120;0m1010[38;2;255;144;0m101[38;2;255;168;0m010101010[0m
                                             [38;2;96;96;96m-[38;2;255;255;255m@@[38;2;255;240;255m@[38;2;255;255;255m@@@@@@@@@@@@[38;2;255;240;255m@[38;2;255;255;255m@@[38;2;255;120;96m0[38;2;255;96;0m1[38;2;255;120;0m010101[38;2;255;144;0m010[38;2;255;168;0m1010[38;2;255;192;0m1010[38;2;255;216;0m10101010[38;2;255;240;0m1010101010101010101[0m
                                       [38;2;48;48;48m.[38;2;72;72;72m:[38;2;96;96;96m=[38;2;144;144;144m++[38;2;168;168;168m*[38;2;255;255;255m@@@@@@@@@@@@@@@@@@@@[38;2;216;255;120m0[38;2;96;255;72m101[38;2;72;255;48m01[38;2;48;255;24m010[38;2;48;255;0m10101[38;2;72;255;0m01010[38;2;96;255;0m10101010101010101010101010[0m
                               [38;2;48;48;48m:[38;2;72;72;72m-[38;2;120;120;120m=[38;2;144;144;144m+[38;2;168;168;168m*[38;2;192;192;192m#####[38;2;168;168;168m*[38;2;120;120;120m=[38;2;216;216;216m%[38;2;255;255;255m@[38;2;255;240;255m@[38;2;255;255;255m@@@@@@@@@@@@@@@@@@[38;2;240;240;255m@@[38;2;120;120;255m0[38;2;0;0;255m1[38;2;24;0;255m01[38;2;0;0;255m010[38;2;0;24;255m10[38;2;0;48;255m101[38;2;0;72;255m010[38;2;0;96;255m1010[38;2;0;120;255m1010[38;2;0;144;255m101[38;2;0;168;255m0101[38;2;0;192;255m0101[38;2;0;216;255m010[38;2;0;240;255m101[38;2;0;255;240m01[38;2;0;255;216m01[0m
                      [38;2;24;24;24m.[38;2;48;48;48m:[38;2;96;96;96m-[38;2;120;120;120m=[38;2;144;144;144m+[38;2;168;168;168m*[38;2;192;192;192m#[38;2;216;216;216m%%[38;2;192;192;192m##[38;2;168;168;168m*[38;2;120;120;120m+[38;2;96;96;96m-[38;2;72;72;72m:[38;2;48;48;48m.[0m    [38;2;120;120;120m+[38;2;240;240;240m@@[38;2;255;255;255m@@@@@@@@@@@@@@@@@@@@[38;2;255;255;240m@[38;2;255;255;255m@[38;2;168;144;144m*[0m      [38;2;192;0;255m1[38;2;168;0;255m0[38;2;144;0;255m101[38;2;120;0;255m010[38;2;96;0;255m101[38;2;72;0;255m010[38;2;48;0;255m101[38;2;24;0;255m01[38;2;0;0;255m01[38;2;0;24;255m01[38;2;0;48;255m0101[38;2;0;72;255m01010[38;2;0;96;255m1010[0m
              [38;2;48;48;48m.[38;2;72;72;72m:[38;2;96;96;96m-[38;2;120;120;120m+[38;2;168;168;168m*[38;2;192;192;192m#[38;2;216;216;216m%%%%[38;2;192;192;192m#[38;2;168;168;168m*[38;2;144;120;120m+[38;2;96;96;96m-[38;2;72;72;72m:[38;2;48;48;48m.[0m           [38;2;168;168;168m*[38;2;255;255;255m@@@@@@@@@@@@@@@@@@@@@@@@[38;2;240;240;255m@[38;2;255;255;255m@[38;2;168;168;168m*[0m                 [38;2;168;0;255m01[38;2;144;0;255m01010[38;2;120;0;255m10101[38;2;96;0;255m010[38;2;72;0;255m1010[38;2;48;0;255m101[38;2;24;0;255m01[0m
      [38;2;48;48;48m.[38;2;72;72;72m:[38;2;96;96;96m=[38;2;144;144;144m+[38;2;168;168;168m*[38;2;192;192;192m#[38;2;216;216;216m%%%%[38;2;192;192;192m#[38;2;168;168;168m*[38;2;144;144;144m+[38;2;96;96;96m-[38;2;72;72;72m:[38;2;48;48;48m.[0m                  [38;2;192;192;192m#[38;2;255;255;255m@[38;2;240;240;240m@[38;2;255;255;255m@@@@@@@@@@@@@@@@@@@@@@@@[38;2;240;240;240m@[38;2;255;255;255m@[38;2;192;192;192m#[0m                             [38;2;144;0;255m0101[38;2;120;0;255m0[38;2;144;0;255m1[38;2;120;0;255m01010[0m
[38;2;120;120;120m=[38;2;144;144;144m+[38;2;168;168;168m*[38;2;192;192;192m#[38;2;216;216;216m%[38;2;240;240;240m%[38;2;216;216;216m%%[38;2;192;192;192m#[38;2;168;168;168m*[38;2;144;144;144m+[38;2;96;96;96m-[38;2;72;72;72m:[38;2;48;48;48m.[0m                         [38;2;216;216;216m%[38;2;255;255;255m@[38;2;240;240;240m@[38;2;255;255;255m@@@@@@@@@@@@@@@@@@@@@@@@@@[38;2;240;240;240m@[38;2;255;255;255m@[38;2;216;216;216m%[38;2;24;24;24m.[0m
[38;2;192;192;192m#[38;2;168;168;168m*[38;2;144;144;144m+[38;2;96;96;96m-[38;2;72;72;72m:[38;2;48;48;48m.[0m                               [38;2;48;48;48m.[38;2;216;216;216m%[38;2;255;255;255m@[38;2;240;240;240m@[38;2;255;255;255m@@@@@@@@@@@@@@@@@@@@@@@@@@@@[38;2;240;240;240m@[38;2;255;255;255m@[38;2;216;216;216m%[38;2;48;48;48m.[0m
                                    [38;2;72;72;72m:[38;2;240;240;240m@[38;2;255;255;255m@@@@@@@@@@@@@@@@@@@@@@@@@@@@@@@@@@[38;2;240;240;240m@[38;2;72;72;72m:[0m
                                   [38;2;72;72;72m:[38;2;240;240;240m@@@@@@@@@@@@@@@@@@@@@@@@@@@@@@@@@@@@@@[38;2;72;72;72m:[0m

                                 [38;2;255;255;255m██                ██████    █████    ██████[0m
                                 [38;2;255;255;255m██                ██   ██  ██   ██  ██[0m
                                 [38;2;255;255;255m██        █████   ██   ██  ██   ██  ██[0m
                                 [38;2;255;255;255m██       ██   ██  ██████   ██   ██   █████[0m
                                 [38;2;255;255;255m██       ███████  ██   ██  ██   ██       ██[0m
                                 [38;2;255;255;255m██       ██       ██   ██  ██   ██       ██[0m
                                 [38;2;255;255;255m███████   █████   ██████    █████   ██████[0m

                                       [38;2;255;0;0mn[0m[38;2;255;48;0mo[0m [38;2;255;97;0mf[0m[38;2;255;146;0mi[0m[38;2;255;195;0ml[0m[38;2;255;244;0me[0m[38;2;216;255;0ms[0m[38;2;167;255;0m.[0m [38;2;118;255;0mn[0m[38;2;69;255;0mo[0m [38;2;20;255;0mp[0m[38;2;0;255;28ma[0m[38;2;0;255;77mt[0m[38;2;0;255;126mh[0m[38;2;0;255;175ms[0m[38;2;0;255;224m.[0m [38;2;0;236;255mn[0m[38;2;0;187;255mo[0m [38;2;0;138;255mr[0m[38;2;0;89;255me[0m[38;2;0;40;255mg[0m[38;2;8;0;255mr[0m[38;2;57;0;255me[0m[38;2;106;0;255mt[0m[38;2;155;0;255ms[0m[38;2;204;0;255m.[0m

